100
CASE 1
2 2 1 0
1 0 11
0 1 17
CASE 2
3 3 0 2
1 2 10
2 0 20
1 2 20
CASE 3
3 5 1 2
2 0 2
0 2 17
1 2 18
2 0 10
1 0 10
CASE 4
5 20 1 0
2 1 9
1 3 15
1 0 7
4 2 14
0 3 4
3 1 1
4 0 4
4 1 2
3 4 14
1 4 8
3 2 15
3 0 4
1 3 17
4 0 20
3 1 9
3 0 9
2 4 5
2 4 2
0 3 5
4 3 11
CASE 5
2 2 0 1
0 1 9
1 0 6
CASE 6
5 22 2 3
1 4 3
4 3 12
0 3 9
4 1 14
3 1 10
3 2 1
0 4 11
4 1 16
4 3 10
3 1 8
0 1 8
1 2 9
1 2 18
4 2 7
2 1 3
2 4 8
1 2 4
0 1 11
1 4 1
2 1 8
2 1 2
3 1 13
CASE 7
5 9 1 3
1 2 1
0 4 18
0 4 10
3 1 19
3 2 7
2 0 8
2 1 3
3 0 11
3 0 20
CASE 8
5 5 2 1
2 0 9
2 3 4
4 2 9
2 4 7
1 3 9
CASE 9
3 3 2 0
2 1 15
1 2 17
2 1 16
CASE 10
4 4 1 0
3 0 13
3 2 16
3 0 7
2 1 15
CASE 11
3 4 1 0
0 1 7
0 2 8
2 0 11
1 2 1
CASE 12
5 15 1 4
0 3 13
4 1 11
2 3 20
4 0 20
3 0 16
1 2 4
2 1 14
4 1 6
3 2 17
3 2 14
0 1 18
4 0 4
2 1 13
3 0 13
2 3 7
CASE 13
2 2 1 0
0 1 18
0 1 3
CASE 14
2 2 0 1
1 0 8
1 0 17
CASE 15
5 22 3 2
3 1 14
2 3 10
4 0 11
0 1 3
3 4 12
3 2 10
4 3 17
0 3 11
0 3 14
3 1 13
0 3 20
2 3 16
2 1 18
2 3 17
0 4 11
0 2 11
2 4 18
2 3 6
1 4 12
1 0 20
1 0 3
0 3 16
CASE 16
4 4 3 0
3 1 10
1 3 7
2 1 13
3 0 12
CASE 17
4 4 1 2
3 1 18
1 3 11
2 0 2
2 0 16
CASE 18
3 8 2 1
0 2 1
2 0 4
1 0 17
1 2 6
0 2 18
2 0 3
1 2 13
2 0 1
CASE 19
2 3 1 0
0 1 12
1 0 4
0 1 16
CASE 20
5 5 0 3
3 2 20
2 4 13
3 0 7
1 2 7
0 1 18
CASE 21
5 19 0 1
0 1 13
4 1 1
1 0 3
3 0 16
2 1 6
3 4 9
1 4 16
0 2 9
2 1 11
2 1 10
2 0 3
0 4 15
2 0 15
0 2 17
1 4 20
0 1 10
0 1 10
4 3 6
1 3 7
CASE 22
3 6 0 1
0 1 10
1 0 10
0 1 10
0 2 11
1 2 8
0 1 16
CASE 23
3 3 2 1
0 1 2
0 2 18
2 1 20
CASE 24
2 2 1 0
1 0 11
1 0 16
CASE 25
4 15 3 0
2 0 16
3 0 16
0 2 15
2 1 16
0 3 11
2 1 14
3 1 13
1 0 11
0 1 2
3 2 10
2 1 11
3 1 16
0 2 5
3 0 15
0 2 18
CASE 26
5 13 3 0
1 0 13
3 2 13
2 4 7
0 2 10
0 3 5
4 3 7
1 4 12
2 1 15
2 1 16
3 1 13
1 0 9
0 1 2
1 3 11
CASE 27
3 3 2 1
0 1 5
2 0 18
0 1 1
CASE 28
5 5 1 4
0 4 7
3 2 3
3 4 15
2 3 7
2 1 19
CASE 29
5 11 3 0
0 3 12
1 3 5
1 0 2
2 1 10
1 4 19
4 1 9
2 3 20
0 1 6
0 3 10
1 3 4
1 2 19
CASE 30
4 15 0 2
0 3 1
0 2 12
2 0 14
0 1 13
3 2 8
1 0 1
2 0 15
3 1 11
3 1 2
2 3 9
2 3 1
2 3 8
1 3 16
2 0 1
3 1 4
CASE 31
5 22 2 0
2 1 17
0 2 9
4 2 19
3 2 15
4 2 7
4 1 20
2 1 14
2 0 9
0 2 11
1 2 17
4 2 15
2 3 2
4 2 11
0 2 4
0 1 2
1 2 1
2 3 3
1 4 12
0 1 12
2 0 13
3 1 12
1 2 4
CASE 32
3 6 0 1
2 1 17
1 2 2
2 1 18
2 1 20
2 1 1
0 1 6
CASE 33
2 2 0 1
1 0 12
1 0 18
CASE 34
4 4 1 3
3 0 7
3 2 2
3 0 8
3 0 20
CASE 35
2 3 0 1
1 0 11
0 1 6
0 1 1
CASE 36
5 13 2 3
0 2 2
1 2 6
4 0 16
0 1 9
4 1 18
1 4 6
2 3 13
3 1 16
0 3 14
2 0 8
2 3 11
0 3 15
2 4 20
CASE 37
4 4 0 3
3 1 2
0 1 12
1 3 3
2 0 6
CASE 38
2 2 1 0
0 1 9
0 1 9
CASE 39
5 24 3 4
1 3 4
0 1 17
0 4 13
1 2 19
2 4 6
4 3 10
4 1 14
0 4 1
2 4 5
0 1 11
4 0 5
0 4 18
2 0 5
1 3 11
0 2 9
0 2 9
3 2 16
4 2 2
4 3 3
3 0 10
2 3 2
2 3 19
3 0 3
4 2 15
CASE 40
2 2 1 0
0 1 2
1 0 19
CASE 41
4 12 1 0
1 0 2
1 2 8
1 0 4
3 0 8
0 1 6
2 1 5
1 3 3
1 2 16
1 0 15
1 2 11
2 0 16
1 3 7
CASE 42
4 9 3 2
3 2 9
0 3 1
1 3 16
3 1 12
0 2 1
3 0 5
1 0 18
3 0 12
3 0 19
CASE 43
5 14 0 1
0 4 14
4 1 17
3 4 1
2 3 11
3 0 16
0 2 18
3 4 19
4 3 1
1 0 18
2 1 17
2 4 5
3 1 4
3 4 20
2 1 20
CASE 44
5 22 1 4
2 0 17
0 1 11
0 3 2
2 3 16
2 1 2
4 0 16
4 3 17
3 4 12
2 0 3
2 4 2
2 4 2
0 3 9
2 1 2
1 4 11
3 2 16
1 0 16
4 2 7
3 2 10
1 0 14
4 2 4
1 4 7
1 3 10
CASE 45
3 5 0 2
0 2 2
1 2 6
0 1 17
0 1 18
2 0 5
CASE 46
5 5 2 4
2 4 3
1 4 8
3 2 3
1 2 8
2 3 11
CASE 47
4 13 3 0
1 0 20
0 1 8
2 1 9
1 0 1
3 2 3
3 1 16
3 0 6
0 1 14
2 0 17
1 2 15
3 0 18
0 3 6
0 3 17
CASE 48
2 2 0 1
1 0 7
1 0 10
CASE 49
5 11 3 2
0 2 18
1 3 9
3 4 16
2 0 17
4 0 12
1 4 11
1 4 3
2 3 3
0 2 14
4 1 18
3 4 16
CASE 50
3 7 0 2
1 0 6
0 1 14
2 0 5
2 1 12
2 1 16
0 1 11
1 2 14
CASE 51
4 4 1 2
0 1 8
2 3 16
0 2 16
2 3 14
CASE 52
3 5 2 0
1 2 4
1 2 2
1 0 4
1 0 20
1 2 6
CASE 53
2 2 0 1
0 1 6
1 0 6
CASE 54
5 13 2 3
4 0 5
0 4 8
3 1 7
0 1 16
2 0 18
1 2 20
1 0 7
2 0 9
0 2 16
1 3 12
3 2 4
0 3 16
4 1 18
CASE 55
2 3 0 1
0 1 8
1 0 13
1 0 18
CASE 56
5 10 1 0
3 4 5
3 0 10
2 3 14
3 4 15
0 3 14
2 1 2
2 0 16
2 3 20
2 3 7
4 3 17
CASE 57
3 3 1 0
2 1 13
1 2 17
1 2 12
CASE 58
5 6 2 4
1 4 20
1 0 15
2 1 12
0 2 9
3 1 3
0 4 12
CASE 59
5 7 2 0
4 1 11
2 0 4
3 1 4
4 0 12
4 2 16
1 3 6
4 2 10
CASE 60
4 4 0 2
2 3 4
2 1 1
1 2 3
2 3 20
CASE 61
4 8 1 0
0 1 3
3 0 19
2 1 11
0 1 20
2 3 4
0 2 19
0 1 5
1 3 10
CASE 62
3 5 1 0
1 2 12
2 0 5
1 2 12
1 2 3
1 2 19
CASE 63
2 2 0 1
0 1 4
1 0 19
CASE 64
5 22 2 0
4 1 20
2 1 5
1 4 12
2 1 15
2 1 2
4 1 10
2 4 19
3 4 6
3 1 13
4 3 6
2 0 9
0 3 2
2 0 20
1 2 11
0 1 18
2 0 18
0 4 1
4 1 12
2 0 5
3 0 13
2 1 1
2 0 3
CASE 65
5 5 4 2
3 4 15
1 4 10
0 2 3
1 3 10
0 3 6
CASE 66
2 2 0 1
1 0 20
1 0 10
CASE 67
3 3 2 1
1 2 7
0 2 13
2 0 8
CASE 68
2 2 1 0
0 1 10
1 0 11
CASE 69
2 3 0 1
0 1 12
1 0 8
0 1 2
CASE 70
4 9 1 3
3 0 1
0 1 20
1 0 13
0 3 2
2 0 6
3 0 14
3 2 2
0 1 16
3 1 19
CASE 71
3 3 1 2
2 1 11
2 1 11
1 0 2
CASE 72
4 6 2 1
1 3 1
1 2 5
0 2 6
0 2 15
0 3 13
0 2 1
CASE 73
5 5 4 0
2 3 19
4 3 12
2 0 2
0 2 1
0 2 12
CASE 74
5 5 1 4
4 0 6
2 3 4
1 3 12
0 1 11
3 1 2
CASE 75
5 14 4 2
1 2 12
2 4 10
0 2 8
4 1 14
3 0 9
4 1 11
1 0 16
2 0 11
4 3 15
0 3 6
3 4 3
1 2 13
0 1 15
2 1 19
CASE 76
5 12 0 1
2 3 19
0 4 14
2 1 19
3 0 14
0 3 20
2 4 5
1 3 17
0 4 15
2 4 3
3 4 17
3 4 17
0 3 7
CASE 77
5 5 3 1
4 0 7
0 2 6
2 1 7
4 2 6
4 1 1
CASE 78
5 24 4 2
0 1 18
4 0 12
3 1 20
3 2 5
0 4 1
2 4 10
3 2 20
4 1 13
3 2 3
2 1 20
0 1 13
3 0 19
0 2 5
4 2 8
4 2 10
2 4 13
0 3 1
3 2 18
3 4 7
1 4 2
4 1 10
2 1 15
4 2 8
0 4 11
CASE 79
5 11 0 3
2 4 18
3 0 4
4 2 15
2 1 18
0 3 18
1 2 2
2 4 3
2 1 5
3 2 18
4 0 19
1 3 19
CASE 80
2 2 1 0
0 1 9
1 0 4
CASE 81
4 5 2 3
2 0 8
0 1 5
2 3 11
1 2 2
3 2 14
CASE 82
4 6 2 3
3 0 19
1 0 6
2 0 14
2 3 12
2 0 3
0 2 8
CASE 83
3 4 1 2
1 0 5
0 2 19
1 2 19
0 2 15
CASE 84
2 2 0 1
1 0 1
1 0 4
CASE 85
4 4 3 1
0 2 19
1 3 8
3 0 13
2 1 10
CASE 86
3 5 1 2
0 1 4
1 2 17
0 1 12
1 0 17
1 0 14
CASE 87
5 7 4 1
2 0 4
4 0 6
3 1 6
4 2 17
2 4 16
0 3 1
1 2 13
CASE 88
2 2 0 1
0 1 7
1 0 7
CASE 89
4 8 0 2
3 1 4
0 2 10
1 0 2
2 3 15
2 1 14
2 3 18
3 0 18
1 3 4
CASE 90
2 2 1 0
1 0 10
0 1 1
CASE 91
3 3 0 1
1 0 14
1 2 6
2 0 2
CASE 92
4 15 2 3
1 3 16
1 0 11
2 3 9
3 0 11
1 0 19
0 3 20
0 2 11
2 0 15
3 2 12
2 1 12
1 0 19
3 2 10
2 3 13
0 3 13
0 1 18
CASE 93
5 5 2 0
1 4 1
2 1 2
1 4 14
1 2 15
3 2 19
CASE 94
5 13 3 0
4 0 4
0 2 1
3 2 16
4 3 8
1 2 1
0 2 5
0 2 14
2 4 2
4 0 4
0 1 7
3 1 12
2 0 11
2 3 20
CASE 95
4 5 3 1
2 1 11
3 1 7
0 3 7
1 2 14
2 1 8
CASE 96
2 2 1 0
0 1 6
1 0 9
CASE 97
4 11 3 2
2 3 6
3 0 2
0 2 2
1 2 12
2 3 15
1 3 14
1 2 4
3 0 15
3 2 4
3 1 17
2 1 17
CASE 98
2 2 0 1
1 0 9
1 0 6
CASE 99
3 6 0 2
2 0 11
1 0 9
1 0 10
2 0 19
0 2 9
2 0 19
CASE 100
3 7 0 1
2 0 9
0 1 5
1 0 10
1 2 16
0 2 3
1 2 18
2 1 19
